      0/14     31.5G   0.06318    0.2867   0.04607     0.396       106      1280    0.1099    0.3212    0.1357   0.06178   0.04676    0.1304    0.0262
      1/14     31.4G   0.05086     0.108   0.01599    0.1749       126      1280    0.3991    0.3976    0.3453    0.1414    0.0405    0.1395   0.01569
      2/14     31.4G   0.05034    0.1008  0.009449    0.1606       254      1280    0.4877    0.4168    0.3905    0.1781   0.04747     0.148   0.01503
      3/14     31.4G   0.04431    0.1111    0.0103    0.1657        90      1280    0.4773    0.4182    0.3985    0.1928   0.03789    0.1479   0.01355
      4/14     31.4G   0.04049     0.101  0.006699    0.1482       310      1280    0.5362    0.4216     0.421    0.2065   0.03747    0.1493   0.01317
      5/14     31.4G   0.04453    0.1085  0.008519    0.1616        81      1280    0.5001    0.4076    0.3898    0.1834    0.0375    0.1503   0.01445
      6/14     31.4G   0.03859   0.09665  0.005211    0.1405       220      1280    0.4644    0.4147    0.3876    0.1883   0.03607    0.1559   0.01491
      7/14     31.4G   0.03874   0.09158  0.004714     0.135       111      1280    0.4978    0.4134    0.4041    0.2025   0.03568    0.1573   0.01558
      8/14     31.4G   0.03922    0.0914  0.004055    0.1347       372      1280    0.5131    0.3978    0.3851    0.1922   0.03524    0.1617   0.01474
      9/14     31.4G   0.03603   0.08873  0.003859    0.1286       116      1280    0.4871    0.4064    0.3708    0.1823   0.03506     0.162   0.01629
     10/14     31.4G     0.036   0.08688  0.003806    0.1267       165      1280    0.5112    0.3985    0.3827      0.19   0.03511     0.169   0.01452
     11/14     31.4G   0.03368   0.08561  0.003161    0.1225        76      1280    0.5126    0.4139    0.3872     0.191    0.0352      0.17     0.016
     12/14     31.4G    0.0345   0.08468  0.003149    0.1223       175      1280    0.5123    0.4144    0.3851    0.1925   0.03521    0.1726   0.01608
     13/14     31.4G   0.03314   0.08268  0.003031    0.1189       222      1280    0.4901    0.4238    0.3759    0.1829   0.03541    0.1754   0.01624
     14/14     31.4G   0.03436   0.08247  0.003022    0.1198       109      1280    0.4701    0.4115    0.3646    0.1787    0.0355    0.1798    0.0162
